# Solid-state nuclear magnetic resonance search for axion-like dark matter with broadband SQUID magnetometry
# arXiv: https://arxiv.org/abs/2609.07908
# Coupling type: AxionEDM; g_d is the axion-EDM coupling, not EDM amplitude d_n.
# Extracted from Fig. 7; confidence level 0.95.
# Paper-native rho_DM = 0.47 GeV/cm^3; no density rescaling.
# Three disjoint scan windows; plotting must not interpolate across gaps.
# mass [eV]    g_d [GeV^-2]
1.889310e-08   6.070000e-04
1.891230e-08   5.027000e-04
1.893240e-08   4.622000e-04
1.895250e-08   4.729000e-04
1.897250e-08   5.468000e-04
1.899260e-08   4.153000e-04
1.901270e-08   3.779000e-04
1.903280e-08   3.857000e-04
1.905290e-08   4.426000e-04
1.907300e-08   4.174000e-04
1.909310e-08   3.867000e-04
1.911320e-08   3.997000e-04
1.913320e-08   4.657000e-04
1.915330e-08   4.271000e-04
1.917340e-08   3.847000e-04
1.919350e-08   3.887000e-04
1.921360e-08   4.404000e-04
1.923370e-08   4.315000e-04
1.925380e-08   3.907000e-04
1.927390e-08   3.957000e-04
1.929400e-08   4.494000e-04
1.931400e-08   4.622000e-04
1.933410e-08   4.090000e-04
1.935420e-08   4.080000e-04
1.937430e-08   4.552000e-04
1.939440e-08   4.646000e-04
1.941450e-08   4.038000e-04
1.943460e-08   3.957000e-04
1.945470e-08   4.326000e-04
1.947480e-08   4.951000e-04
1.949480e-08   4.174000e-04
1.951490e-08   3.957000e-04
1.953500e-08   4.185000e-04
1.955510e-08   4.989000e-04
1.957520e-08   4.239000e-04
1.959530e-08   3.997000e-04
1.961540e-08   4.196000e-04
1.963550e-08   4.888000e-04
1.965560e-08   4.164000e-04
1.967560e-08   3.997000e-04
1.969570e-08   4.271000e-04
1.971580e-08   5.144000e-04
1.980050e-08   5.524000e-04
1.981980e-08   4.563000e-04
1.983990e-08   4.164000e-04
1.985990e-08   4.260000e-04
1.987920e-08   4.851000e-04
1.989920e-08   4.587000e-04
1.991930e-08   4.185000e-04
1.993850e-08   4.271000e-04
1.995860e-08   4.876000e-04
1.997870e-08   4.802000e-04
1.999880e-08   4.217000e-04
2.001800e-08   4.164000e-04
2.003810e-08   4.575000e-04
2.005820e-08   4.976000e-04
2.007740e-08   4.381000e-04
2.009750e-08   4.315000e-04
2.011760e-08   4.741000e-04
2.013770e-08   5.566000e-04
2.015690e-08   4.622000e-04
2.017700e-08   4.249000e-04
2.019710e-08   4.359000e-04
2.021630e-08   4.989000e-04
2.023640e-08   4.622000e-04
2.025650e-08   4.217000e-04
2.027660e-08   4.304000e-04
2.029580e-08   4.901000e-04
2.031590e-08   4.657000e-04
2.033600e-08   4.282000e-04
2.035520e-08   4.381000e-04
2.037530e-08   5.053000e-04
2.039530e-08   5.053000e-04
2.041540e-08   4.437000e-04
2.043470e-08   4.381000e-04
2.045470e-08   4.826000e-04
2.047480e-08   5.183000e-04
2.049400e-08   4.517000e-04
2.051410e-08   4.404000e-04
2.053420e-08   4.790000e-04
2.055430e-08   5.828000e-04
2.164170e-08   7.310000e-04
2.166360e-08   5.932000e-04
2.168540e-08   5.524000e-04
2.170810e-08   5.872000e-04
2.172990e-08   6.039000e-04
2.175270e-08   5.079000e-04
2.177450e-08   4.964000e-04
2.179720e-08   5.581000e-04
2.181900e-08   5.454000e-04
2.184170e-08   5.014000e-04
2.186360e-08   5.290000e-04
2.188630e-08   6.453000e-04
